bbox:
  min_lon: -107.25934420236314
  min_lat: 33.1080950853942
  max_lon: -107.09787843066869
  max_lat: 33.35607440064506
crs: EPSG:4326
