bbox:
  min_lon: -107.21444572778415
  min_lat: 33.14571033916773
  max_lon: -107.14274375499289
  max_lat: 33.31855197156376
crs: EPSG:4326
